,MinTemp,MaxTemp,Rainfall,Evaporation,Sunshine,WindGustSpeed,WindSpeed9am,WindSpeed3pm,Humidity9am,Humidity3pm,Pressure9am,Pressure3pm,Cloud9am,Cloud3pm,Temp9am,Temp3pm,RISK_MM
MinTemp,1.0,0.7524707945910017,0.201938715526323,0.6499301753239121,0.03571111348340166,0.21801954747799926,0.12754210879776337,-0.06592182146934028,-0.20789713636156504,-0.04070877092019591,-0.5017070095803914,-0.49800692180312645,0.21577575299367635,0.11839736125608377,0.9167453754328057,0.7227304972944862,0.21855105640974587
MaxTemp,0.7524707945910017,1.0,-0.07355958395751697,0.6900262683471085,0.45206351617824475,0.10967234403181972,-0.2168143435273236,-0.1678731238688912,-0.359601705869437,-0.5333268827863179,-0.29088256303949583,-0.37939373479448274,-0.17572958983964812,-0.13599065413422848,0.8706035194583105,0.9892607911474268,0.02755709018544353
Rainfall,0.201938715526323,-0.07355958395751697,1.0,-0.00729296336251428,-0.15099036070787802,0.0961904059160396,0.21963705487902146,0.0560084879396511,0.15010894970240654,0.28901341149925525,-0.3315813542506689,-0.2502176119837373,0.18004632052667535,0.12779204186993218,0.07729935843365693,-0.08749318588379824,0.08986030528381404
Evaporation,0.6499301753239121,0.6900262683471085,-0.00729296336251428,1.0,0.31802523012949796,0.28847748853084737,0.06892890037323979,0.04860130046106105,-0.5195866598129415,-0.39177964537838084,-0.38190599867898156,-0.3910929506729657,-0.10600736628432463,-0.10004454025856833,0.7076757877012414,0.6716324565430509,0.07676210909814339
Sunshine,0.03571111348340166,0.45206351617824475,-0.15099036070787802,0.31802523012949796,1.0,0.09584271677314675,-0.06452235047222353,0.07257280233880659,-0.49901744977961754,-0.7594292028611382,0.0062764415523611375,-0.03620087415024756,-0.6810916418100996,-0.6611310287184105,0.2195090315663149,0.4704470442968871,-0.3788226460412343
WindGustSpeed,0.21801954747799926,0.10967234403181972,0.0961904059160396,0.28847748853084737,0.09584271677314675,1.0,0.5276530261403644,0.6939445832770275,-0.3497930746730592,-0.06943917982931855,-0.5401800970210644,-0.5268852351676285,-0.012666084959471134,0.05022977242067184,0.25622332062497805,0.07250110025181236,0.2519910107727653
WindSpeed9am,0.12754210879776337,-0.2168143435273236,0.21963705487902146,0.06892890037323979,-0.06452235047222353,0.5276530261403644,1.0,0.4729661748037952,-0.27062285731461266,0.14665711557272418,-0.356331828240811,-0.24795238336946634,0.10184246271569973,-0.022471488239172253,0.06407404775527092,-0.23518635386917214,0.03909116732279171
WindSpeed3pm,-0.06592182146934028,-0.1678731238688912,0.0560084879396511,0.04860130046106105,0.07257280233880659,0.6939445832770275,0.4729661748037952,1.0,-0.2660924713753943,-0.02636774893472803,-0.3598001115115756,-0.3373253454944247,-0.02642641862070926,0.007207240371364342,-0.0177663563087025,-0.18756965324773492,-0.009447054832943015
Humidity9am,-0.20789713636156504,-0.359601705869437,0.15010894970240654,-0.5195866598129415,-0.49901744977961754,-0.3497930746730592,-0.27062285731461266,-0.2660924713753943,1.0,0.5467184377559325,0.13572697438368556,0.1344204990859434,0.39284157566471617,0.27193809124328716,-0.4365505727585314,-0.3551186095666616,0.1659310318636328
Humidity3pm,-0.04070877092019591,-0.5333268827863179,0.28901341149925525,-0.39177964537838084,-0.7594292028611382,-0.06943917982931855,0.14665711557272418,-0.02636774893472803,0.5467184377559325,1.0,-0.08794613506036975,-0.010051887761758912,0.5516326434505218,0.5101079022188246,-0.2556814695110527,-0.5816761469093277,0.35875243989005823
Pressure9am,-0.5017070095803914,-0.29088256303949583,-0.3315813542506689,-0.38190599867898156,0.0062764415523611375,-0.5401800970210644,-0.356331828240811,-0.3598001115115756,0.13572697438368556,-0.08794613506036975,1.0,0.9678949623120414,-0.15755278747206633,-0.1410004309887742,-0.4604181935339502,-0.2536737540852288,-0.2905842575402733
Pressure3pm,-0.49800692180312645,-0.37939373479448274,-0.2502176119837373,-0.3910929506729657,-0.03620087415024756,-0.5268852351676285,-0.24795238336946634,-0.3373253454944247,0.1344204990859434,-0.010051887761758912,0.9678949623120414,1.0,-0.12894407570151575,-0.14383718268414422,-0.49263629469721926,-0.34548530761856466,-0.3114209168948406
Cloud9am,0.21577575299367635,-0.17572958983964812,0.18004632052667535,-0.10600736628432463,-0.6810916418100996,-0.012666084959471134,0.10184246271569973,-0.02642641862070926,0.39284157566471617,0.5516326434505218,-0.15755278747206633,-0.12894407570151575,1.0,0.5252179321613956,0.02104135092025666,-0.20234404731127967,0.2739144999414398
Cloud3pm,0.11839736125608377,-0.13599065413422848,0.12779204186993218,-0.10004454025856833,-0.6611310287184105,0.05022977242067184,-0.022471488239172253,0.007207240371364342,0.27193809124328716,0.5101079022188246,-0.1410004309887742,-0.14383718268414422,0.5252179321613956,1.0,0.040945192032820564,-0.1728142286122413,0.3264548485986881
Temp9am,0.9167453754328057,0.8706035194583105,0.07729935843365693,0.7076757877012414,0.2195090315663149,0.25622332062497805,0.06407404775527092,-0.0177663563087025,-0.4365505727585314,-0.2556814695110527,-0.4604181935339502,-0.49263629469721926,0.02104135092025666,0.040945192032820564,1.0,0.8444058141064343,0.16484248909882454
Temp3pm,0.7227304972944862,0.9892607911474268,-0.08749318588379824,0.6716324565430509,0.4704470442968871,0.07250110025181236,-0.23518635386917214,-0.18756965324773492,-0.3551186095666616,-0.5816761469093277,-0.2536737540852288,-0.34548530761856466,-0.20234404731127967,-0.1728142286122413,0.8444058141064343,1.0,-0.005825037634060302
RISK_MM,0.21855105640974587,0.02755709018544353,0.08986030528381404,0.07676210909814339,-0.3788226460412343,0.2519910107727653,0.03909116732279171,-0.009447054832943015,0.1659310318636328,0.35875243989005823,-0.2905842575402733,-0.3114209168948406,0.2739144999414398,0.3264548485986881,0.16484248909882454,-0.005825037634060302,1.0
